0.638664 64
14.253699 1
0.094898 1
0.080491 1
0.103617 1
0.183764 1
0.936157 4
0.327758 2
0.762300 19
0.100220 11
0.003516 93
0.000217 71
0.000076 91
0.000030 2
0.000018 52
0.000014 2
0.000059 87
0.000024 2
0.000037 62
0.000175 69
0.000085 2
0.000097 80
0.000025 2
0.000060 92
0.000081 2
0.008733 64
6.676453 1
0.496332 4
0.135661 1
0.160747 1
0.023948 1
0.167394 1
0.440823 1
0.175081 1
0.080128 1
0.064046 1
0.087863 1
0.127938 1
0.088289 1
0.032112 1
0.167674 1
0.064458 1
0.063458 1
0.143760 1
0.488527 1
0.095883 1
0.168133 1
0.503955 2
0.748193 19
0.267895 39
0.000711 50
0.000403 47
0.000648 49
0.000409 43
0.000235 59
0.000405 72
0.000260 62
0.000182 58
0.000174 71
0.000222 65
0.000216 79
0.000185 55
0.000180 63
0.000166 54
0.000192 70
0.000313 70
0.000234 69
0.000411 49
0.000364 53
0.001068 62
0.000350 43
0.000194 59
0.000224 59
0.000152 19
4.782599 64
0.697385 1
0.055863 1
0.192028 1
0.096036 1
0.063988 1
0.152635 1
0.130475 8
0.242716 2
0.000698 86
0.337339 1
0.072051 1
0.119685 2
0.001615 121
0.000519 86
2.766872 1
0.095307 1
0.063969 1
0.088183 1
0.167853 1
0.224003 1
0.080754 1
0.047272 1
0.680359 1
0.072376 1
0.095055 1
0.864222 2
0.388139 57
0.000034 79
0.000010 37
0.000026 35
0.000008 28
0.000007 26
0.000006 2
0.000008 24
0.000006 29
0.000006 2
0.000008 45
0.000016 19
0.000010 19
0.000016 32
0.000016 25
0.000009 38
0.000007 46
0.271653 19
0.101318 20
0.431831 106
0.000030 369
0.000010 55
0.000007 104
0.000008 55
0.000007 53
0.000056 53
0.024605 50
0.000063 32
0.000026 43
1.398009 2
0.604503 14
0.028517 86
0.319082 2
0.000027 2
0.000360 86
0.399356 1
0.136174 1
0.064502 1
0.071782 1
0.151579 1
0.120252 1
0.279948 2
0.374282 57
0.000040 27
0.000009 25
0.000018 27
0.000009 37
0.000016 35
0.000016 54
0.000007 24
0.000007 2
0.000008 31
0.000015 45
0.000008 19
0.000007 17
0.000005 2
0.000004 30
0.000004 2
0.000005 23
0.000005 2
0.000004 38
0.000005 44
0.000004 2
0.273818 19
0.096756 20
0.440352 106
0.000027 371
0.000012 157
0.000008 106
0.000009 55
0.028178 50
0.000025 32
0.000009 43
5.346316 68
0.071081 90
0.000047 2
0.480489 159
0.000033 4
8.248271 2
0.867895 14
0.034296 86
0.249788 2
0.000027 2
0.000320 86
0.888416 1
0.063296 1
0.136435 2
0.001654 138
0.000559 86
2.909447 1
0.128465 1
0.063472 1
0.080039 1
0.112084 1
0.104583 1
0.143336 2
0.585680 19
0.000163 21
0.000118 18
0.000096 22
0.000102 24
0.000113 26
0.000101 22
0.000009 2
0.000110 18
0.000086 23
0.000112 17
0.000008 2
0.000066 20
0.000007 2
0.000070 19
0.000007 2
0.000100 18
0.000007 2
0.000068 22
0.000006 2
0.000098 15
0.000007 2
0.000079 24
0.000007 2
0.000067 32
0.000005 2
0.000078 18
0.000004 2
0.000093 19
0.000005 2
0.000078 26
0.000005 2
0.000102 19
0.000004 2
0.000073 20
0.000004 2
0.000102 24
0.000004 2
0.000082 18
0.000005 2
0.000129 34
0.000101 30
0.000076 26
0.000005 2
0.000089 16
0.000005 2
0.000081 16
0.000004 2
0.000077 22
0.000005 2
0.000097 24
0.000085 18
0.000006 2
0.000070 25
0.000005 2
0.000082 17
0.000005 2
0.000083 23
0.000004 2
0.000091 21
0.000005 2
0.000089 16
0.000004 2
0.000082 22
0.000005 2
0.000100 16
0.000005 2
0.000082 23
0.000004 2
0.000115 22
0.000005 2
0.000078 23
0.000005 2
0.000079 16
0.000005 2
0.000109 16
0.000004 2
0.000078 22
0.000005 2
0.000104 25
0.000004 2
0.000110 22
0.000005 2
0.000092 30
0.000004 2
0.000104 21
0.000121 17
0.000005 2
0.000085 21
0.000005 2
0.000083 31
0.000005 2
0.000095 26
0.000005 2
0.000088 16
0.000004 2
0.000084 17
0.000005 2
0.000099 20
0.000005 2
0.000088 20
0.000005 2
0.000100 25
0.000004 2
0.000086 27
0.000005 2
0.000088 23
0.000005 2
0.000110 27
0.000005 2
0.000098 42
0.000035 2
0.000082 24
0.000006 2
0.000088 31
0.000005 2
0.004745 35
0.000043 79
0.015979 86
2.619506 1
0.103837 1
0.056222 1
0.079775 1
0.120042 1
0.080178 1
0.135910 1
0.063736 1
0.176154 1
0.183982 1
0.064362 1
0.111636 1
0.112584 1
0.095899 1
0.056647 1
0.078973 1
0.168254 1
0.111640 1
0.344211 4
0.499758 4
0.030310 4
0.030343 4
0.030119 4
0.032701 4
0.028715 4
0.032481 4
0.029332 4
0.030340 4
0.030919 4
0.030491 4
0.030231 4
0.031869 4
0.030753 4
0.028952 4
0.030035 4
0.030165 4
0.029640 1
0.031694 1
0.029582 1
0.030556 1
0.031273 1
14.723474 1
0.072886 1
0.055188 1
0.096015 2
0.127025 15
0.000034 27
0.021633 52
0.006216 2047
0.000085 2047
0.000844 2044
0.000455 452
0.000037 100
0.227673 34
0.112044 22
0.054680 2047
0.000167 220
0.201633 18
0.319481 25
0.000813 162
0.285457 6
0.004762 677
0.236962 22
0.000998 181
0.495057 25
0.001037 181
0.207179 25
0.001063 181
0.438662 25
0.000997 181
0.187172 6
0.005061 373
0.326673 22
0.001001 130
0.271138 26
0.001116 157
0.275178 6
0.005198 333
0.446480 23
0.001069 131
0.262883 26
0.001046 157
0.315663 6
0.005482 32
0.469871 26
0.000807 183
0.184749 6
0.006711 451
0.479826 23
0.001128 185
0.214729 23
0.001168 133
0.158836 23
0.001154 159
0.174825 23
0.001200 133
0.222821 23
0.001204 157
0.150640 22
0.001226 183
0.315667 6
0.006771 628
1.500435 22
0.001213 183
0.235411 6
0.006810 851
0.260706 22
0.001390 181
0.607623 25
0.000986 181
0.197928 25
0.001338 182
0.214678 26
0.001318 183
0.806836 26
0.001793 131
0.498301 26
0.001350 105
0.029010 26
0.001208 157
0.030017 26
0.001346 131
0.031059 26
0.001079 157
0.028250 26
0.001204 131
0.029137 26
0.001389 157
0.029687 26
0.001316 183
0.029289 26
0.001334 183
0.028906 26
0.001578 131
0.030345 26
0.001247 105
0.026641 26
0.001359 105
0.029059 26
0.001244 150
0.028853 26
0.001239 176
0.029333 26
0.001359 176
0.030042 26
0.001180 176
0.262657 26
0.001441 178
0.198544 23
0.001328 178
0.166737 23
0.001301 178
0.187845 6
0.007768 292
0.436840 206
0.262267 26
0.001372 131
0.299563 31
0.000035 19
0.124882 2029
0.005912 1001
0.211514 18
0.404750 26
0.000996 125
0.223044 26
0.000907 129
0.215283 26
0.001033 128
0.222911 26
0.000899 125
0.198861 26
0.000841 126
0.263583 26
0.000864 125
0.782792 26
0.000830 67
0.175129 26
0.000823 67
0.183180 26
0.000891 67
0.183040 26
0.000805 68
0.191749 26
0.000895 67
0.278630 26
0.000913 68
0.327331 26
0.000852 68
0.295056 38
0.112571 59
0.008421 228
0.209458 18
0.517641 38
0.072890 59
0.002348 102
0.236526 35
0.032680 35
0.000041 24
0.001456 56
0.765736 23
0.000029 17
0.000037 37
0.012209 481
0.117971 966
0.178604 1020
0.284677 67
0.120257 67
0.103412 71
0.353112 59
0.792448 965
0.238831 67
0.152058 68
0.464074 69
0.160041 68
0.296337 67
0.183459 68
0.144578 67
0.151977 67
0.367450 68
0.160786 68
0.151891 69
0.111372 68
0.120171 67
0.176986 67
0.055462 67
0.056493 67
0.111037 67
0.496145 67
0.095822 67
0.152417 67
0.191819 67
0.167913 68
0.063948 67
0.152254 67
0.208725 67
0.087080 67
0.112137 67
0.659182 1019
0.445005 82
0.406878 56
0.518964 24
0.015383 527
0.007265 139
0.337438 26
0.000791 126
0.223882 26
0.000888 126
0.238221 26
0.008113 148
0.528012 26
0.000024 32
0.159972 1
0.000026 18
3.304411 1
0.000199 21
0.055949 19
0.014794 133
0.000479 19
0.208487 18
0.727859 26
0.000026 18
0.000011 12
0.303918 1
0.000020 18
0.391817 1
0.014544 798
0.202159 18
0.447263 44
0.000022 12
0.127938 1
0.000022 18
0.080289 1
0.011648 50
0.003398 86
0.608715 1
0.111711 1
0.104229 1
0.128079 1
0.159797 1
0.049208 1
0.110750 1
0.104329 1
0.407797 2
0.002299 80
0.000460 86
0.253266 1
0.088941 1
0.095565 1
0.153089 1
0.086800 1
0.056521 1
0.159254 1
0.120008 1
0.151966 1
0.079935 1
0.104270 1
0.281502 7
0.606496 2
0.002618 86
0.189202 1
0.087969 1
0.096063 1
0.128008 1
0.199995 1
0.056283 1
0.079499 1
0.168400 1
0.080948 1
0.086706 1
0.128429 1
0.103675 1
0.128101 1
0.207726 1
0.168732 1
0.623658 1
0.072479 1
0.112227 1
0.078923 1
0.096496 1
0.119684 1
0.112397 1
0.127387 1
0.128099 1
0.072554 1
0.071601 1
0.183943 1
0.080718 1
0.087077 1
0.288390 1
0.247822 2
0.003322 47
0.000115 34
0.000023 31
0.000590 86
0.259933 1
0.088046 1
0.112534 1
0.111553 1
0.695778 1
0.056197 1
0.183769 1
0.096532 1
0.127474 1
0.200152 1
1.040306 2
0.005066 86
0.306595 1
0.095758 1
0.095931 1
0.120709 1
0.072084 1
0.064313 1
0.088497 1
0.166756 1
0.087983 1
0.095919 1
0.120022 1
0.159955 1
0.736128 1
0.087957 1
0.135911 1
0.088006 1
0.104290 1
0.120219 1
0.095404 1
0.112175 1
0.184011 1
0.103931 1
0.071913 1
0.104557 1
0.159454 1
0.232065 1
0.072037 1
0.152114 1
0.056159 1
0.184471 1
0.064187 1
0.080205 1
0.110868 1
0.072231 1
0.047585 1
0.064309 1
0.200001 1
0.151934 1
0.183959 1
0.167775 1
0.128782 1
0.135272 1
0.024341 1
0.127886 1
0.119845 1
0.088601 1
0.047313 1
0.232123 1
0.071725 1
0.568165 1
0.872097 2
0.002397 97
0.000462 86
2.773181 50
0.408133 1
0.500145 1
0.030066 1
0.029887 1
0.030586 1
0.030516 1
0.030392 1
0.029999 1
0.030766 1
0.030832 1
0.030781 1
0.031442 1
0.030825 1
0.032334 1
0.030209 1
0.028653 1
0.029593 1
0.031257 1
0.030297 1
0.030121 1
0.031129 1
0.030841 1
0.032097 1
0.032206 1
0.029941 1
0.030315 1
0.032352 1
0.028542 1
0.031234 1
0.030980 1
0.029954 1
0.031691 1
0.031909 1
0.031919 1
0.030234 1
0.029798 1
0.139383 1
0.173815 1
0.230752 1
0.769756 5
0.182890 5
0.248173 5
0.175203 2
0.002108 27
0.000109 48
0.000018 8
0.000020 9
0.000008 51
0.000007 6
0.000008 4
0.000008 54
0.000007 4
0.000007 24
0.000006 4
0.000008 4
0.000006 6
0.000007 7
0.000007 29
0.000023 4
0.000008 17
0.000007 31
0.000033 71
0.000008 10
0.000008 42
0.000007 6
0.000007 4
0.000008 16
0.000007 11
0.000007 70
0.000007 6
0.000016 4
0.000006 24
0.000007 2
0.000006 63
0.000006 11
0.000006 9
0.000007 66
0.000006 12
0.000006 9
0.000006 66
0.000006 4
0.000007 80
0.000006 6
0.000006 4
0.000006 9
0.000006 29
0.000007 6
0.000006 12
0.000006 7
0.000007 55
0.000006 6
0.000006 4
0.000006 6
0.000007 34
0.000006 13
0.000007 10
0.000006 51
0.000006 12
0.000006 57
0.000006 4
0.000007 4
0.000006 21
0.000006 2
0.000007 43
0.000006 25
0.000007 6
0.000006 4
0.000006 5
0.000006 39
0.000007 6
0.000006 11
0.000006 48
0.000006 6
0.000007 45
0.000006 6
0.000006 4
0.000006 7
0.000007 38
0.000006 6
0.000006 8
0.000006 39
0.000006 6
0.000007 4
0.000007 40
0.000006 6
0.000006 9
0.000006 43
0.000006 11
0.000006 38
0.000006 4
0.000007 45
0.000006 6
0.000007 11
0.000006 40
0.000006 6
0.000006 54
0.000006 6
0.000006 2
0.000007 44
0.000006 6
0.000007 43
0.000006 2
0.000006 21
0.000006 31
0.000006 6
0.000006 2
0.000006 26
0.000007 2
0.000006 97
0.000006 2
0.000460 86
0.884939 53
0.303889 1
0.500025 1
0.030454 1
0.030149 1
0.030571 1
0.029166 1
0.030103 1
0.030489 1
0.031294 1
0.029476 1
0.030892 1
0.029718 1
0.030366 1
0.030047 1
0.031000 1
0.030016 1
0.031237 1
0.030719 1
0.030508 1
0.030319 1
0.029998 1
0.030431 1
0.030812 1
0.030241 1
0.030731 1
0.031561 1
0.029642 1
0.030467 1
0.030445 1
0.030282 1
0.030166 1
0.031433 1
0.029372 1
0.028926 1
0.029865 1
0.032493 1
0.031531 1
0.029368 1
0.149882 1
0.175840 1
0.191823 1
0.583926 3
0.273214 5
0.479260 5
0.383461 2
0.003999 56
0.000328 70
0.000016 170
0.000008 106
0.000008 97
0.000007 54
0.000008 80
0.000008 79
0.000008 43
0.000007 41
0.000448 86
8.547250 1
0.232039 1
0.168295 1
0.095721 1
0.415926 2
0.000092 6
